-4.6133754287869175
-4.384337868763828
-6.369236960413943
-4.99134903010928
-5.092048368425278
-4.844509088044406
-3.180800676447161
-4.683633835179146
-4.55545786916967
-4.998604668250714
-1.1576511544917483
-4.8475354816193255
-4.539047999044893
-5.089919508487075
-4.85343458240486
-4.808896795134085
-5.21498522990896
-3.1836349426269424
-4.655392849993778
-3.2602158506367265
-3.1821009381907963
-5.389819877028877
-2.0552249938816276
-5.227785770746666
-6.422486866326096
-3.824274883902933
-4.772757342909078
-4.824750750242024
-1.980658176618169
-4.718123503256761
-4.750210746786728
-4.350700760220893
-6.474103568056934
-3.228617942027194
-6.398093744373619
-4.132741461335932
-3.1821009381907963
-6.259324688359546
-3.1918357079535475
-4.802137053179067
-4.557790282565125
-4.8561746115050965
-5.193264534473756
-7.767320163607306
-4.772757342909078
-5.088456965021091
-6.72965891259557
-4.818326805663681
-6.2420989240547025
-4.384337868763827
-5.223660824538889
-3.18080067644716
-6.432167948829928
-3.526557961988371
-1.9023384028501704
-5.241590507722166
-4.830127498461506
-5.0540775425557625
-3.1836349426269437
-4.7158934420572765
-4.211392844135891
-4.435282148418477
-5.241590507722166
-4.998604668250716
-3.6151373658284047
-4.715285352292133
-3.1848562690281517
-5.016277994773798
-5.203950198402573
-4.804852387873852
-4.85343458240486
-4.876898181697293
-5.2923945086546365
-4.437157009641258
-2.0552249938816276
-5.164583928381382
-3.0120175172949484
-5.094252232473214
-5.2923945086546365
-4.922288321894032
-2.8351811798550166
-5.223170032027228
-3.1795004147035257
-3.5265579619883707
-7.52808329719237
-5.206621720782193
-4.918052044455739
-2.055224993881629
-5.254997947180127
-4.8237646277783215
-6.396809054335769
-4.409592222103056
-6.423671056147651
-4.824750750242024
-3.1492027678376284
-4.418872289152872
-6.399153593130219
-5.2107138731512554
-4.539047999044894
-5.155593635505036
-6.2420989240547025
-6.40790752084206
-7.6636155453322825
-4.837818220977223
-4.817347017241756
-3.540379050890097
-6.39029697387233
-6.275734536765977
-3.187611599865508
-6.551519195261276
-5.335718227344705
-6.259324688359545
-6.275734536765977
-3.1521486009700883
-4.893031004763804
-2.559474983826121
-6.646898292721822
-5.335718227344707
-4.435282148418477
-5.906368396165673
-5.335718227344707
-5.21498522990896
-6.087047273639594
-6.303975273360396
-4.527665285199601
-6.417200721972295
-5.199373161298807
-4.585582855890751
-6.551519184616833
-6.546932831366225
-4.684578726019124
-6.430786208899431
-7.767320163607306
-5.1822774289404006
-6.38571060954782
-5.223170032027228
-6.151088682328938
-5.187897045119056
-6.722883655264072
-5.678641246706134
-7.703734742577547
-5.312006196284219
-6.428904099300542
-6.417297771864941
-5.071768914438279
-7.830905584637066
-7.703734742577547
-6.799063117162158
-6.367560694390155
-2.055224993881629
-7.767320141888962
-6.367560694390155
-5.335718227344707
-6.385710598473919
-4.59844262208033
-7.830905584637066
-7.830905584637066
-7.767320163607305
-7.767320141888961
-6.444817903373814
-6.556105560015245
-7.389945615636192
-6.556105560015245
-6.799063117591617
-7.767320163607306
-4.7832235862226735
-7.703734742577547
-6.551519206335177
-6.72298070515672
-7.647701741259011
-6.283311551667869
-6.551519184616835
-7.830905584637066
-5.590061842866099
-6.269955137219625
-6.054227555108384
-7.767320163607306
-7.830905584637066
-6.799063117591617
-7.703734742577547
-7.703734742577547
-7.830905584637066
-7.767320163607306
-7.830905584637066
-7.830905584637066
-5.01423468768062
-7.830905584637066
-7.830905584637066
-6.367560694390155
-6.726304946194493
-7.767320163607305
-3.2602158506367274
-7.767320141888962
-7.767320163607306
-7.52808329719237
-4.802831212899106
-4.520305726169104
-7.830905584637066
-3.1836349426269424
-5.21498522990896
-3.3824035541304913
-6.4202136065885345
-6.306913642955584
-7.578632878762653
-5.031847711699191
-4.731680467919039
-4.5855828558907366
-4.928996422824563
-6.259324688359527
-5.426071328499795
-6.551519184616852
-3.510392885108639
-4.848233458897974
-2.7144481824192206
-6.597987444189858
-2.7144481824192206
-3.9362481840780457
-4.856850223563873
-3.5374552045456507
-4.688067064411639
-4.374819190527045
-6.431343485583886
-4.7962752684311525
-4.1031568381052566
-4.555457869169603
-6.31116776483263
-5.029343134186188
-4.998380417953809
-3.3080331162166776
-5.263272604405065
-6.287565673544849
-2.7144481824192206
-4.508923012538508
-4.795375103840444
-5.077997140598546
-5.08991950848705
-3.1808006764471703
-4.795491081359369
-4.793960316481016
-5.013861735218693
-6.521483124677246
-5.280644484269619
-3.19183570795347
-5.18789704511901
-3.788811885007506
-6.242098924054725
-3.9043533995078383
-4.772946953217607
-6.432676689708913
-2.5867483457375378
-4.832103646945482
-3.3824035541304913
-6.375749040877448
-6.551519206335142
-4.793652790434397
-4.883113024078643
-3.187780115372522
-5.038821842783207
-5.0142346876805615
-4.508923012323779
-5.19327186201911
-4.8979723696755535
-1.1576511544917165
-5.254997947180133
-6.375749040877448
-5.06281042793157
-5.29239450865464
-4.802831212899067
-4.793652790434397
-3.183634942626919
-4.817787967486179
-3.179500414703534
-2.0552249938816045
-6.259324688359525
-3.2602158506367105
-5.037555715769148
-5.08991950848705
-3.006642689535692
-3.18761159986543
-4.761747355778203
-4.555457858310458
-5.2704600992286
-4.860050097828655
-4.795491081359369
-6.551519195690727
-5.103594937036318
-4.555457869169603
-4.879681146000731
-6.1051718347629755
-3.8968292943897445
-5.590061842866042
-4.804251297494327
-4.359083515424599
-4.393395336642174
-4.750150304458884
-3.183634942626919
-3.187780115372522
-6.721677336765694
-4.774404922396023
-4.76246636189585
-4.83814765757821
-4.566840583014928
-3.2602158506367105
-4.793566703053456
-5.155016716701418
-5.06281042793157
-3.5483524471029786
-6.287565673544849
-3.19183570795347
-5.0259232351908345
-4.843937726263304
-3.2602158506367105
-4.382463007541004
-6.405499547047684
-3.0756382996902625
-4.803673278074285
-4.791959611843696
-4.85023224031975
-4.824196641911154
-3.5374552045456507
-4.395351345221728
-4.704680006776096
-4.71811127346491
-4.699154522992787
-6.417415373679264
-3.8047268925554287
-4.796488878747073
-4.566840583014928
-5.3898198770288595
-3.1440184423735027
-2.4992249997394995
-4.726016571177446
-2.5593965320040626
-6.259324688359525
-5.353568425557924
-4.914689186542301
-3.365993694864948
-5.767220650546152
-6.394179664061735
-4.368140983302922
-4.390711689441959
-6.431177359037935
-4.824196641911154
-5.136775874339435
-4.802831212899067
-4.825558225090589
-6.287565673544849
-5.19327186201911
-4.374819190527045
-6.259324688359527
-5.203950198402625
-4.7508358450292825
-5.077997140598546
-6.151088682328911
-6.422652992871992
-4.721419099014383
-6.433616745321393
-3.2286179420271366
-5.506862578037488
-4.737707146354012
-6.31116776483263
-3.5483524471029786
-3.365993694864948
-4.706835130184423
-5.060074389632554
-4.7102570082632464
-3.187780115372522
-4.753810507957693
-4.8278918213025115
-5.226020261415224
-6.242098924054725
-4.1031568381052566
-4.451479033879274
-3.8350245394213656
-2.83518117985499
-4.807101913408687
-6.438717865124435
-5.077997140598546
-4.784148931642838
-3.2286179420271375
-4.1031568381052566
-4.791164255506365
-4.82952640310296
-3.1124205337639297
-5.745231762670398
-3.1808006764471703
-6.546932820292318
-4.3681247698508106
-3.1029901134237377
-4.508923012323779
-4.683794629501628
-4.539048009904059
-6.367560694390141
-6.3968090543357885
-3.1808006764471703
-4.782768231817197
-2.559474983826185
-4.802831212899067
-4.808896795134089
-4.613375428786876
-4.5554578583104846
-4.991349030109287
-2.055224993881631
-4.853434582404848
-6.151088682328934
-5.088061342339259
-4.790396570791117
-4.5554578583104846
-5.906368396165584
-4.395351345221755
-6.528918603411977
-4.829526403102987
-2.679818048355338
-4.750835845029309
-4.799317625344301
-4.377198451181275
-6.397414866825798
-6.224488387729457
-4.2750124083770515
-3.030748351595462
-4.7780462610556125
-3.534531358201274
-4.794747870163819
-3.183634942626947
-4.0441620574958925
-5.160319174106899
-4.808291723923055
-4.801920118349116
-6.435763734006912
-5.162810540004717
-4.993512970054978
-6.224488387729455
-4.753484078783487
-4.893559331975762
-5.067828188489049
-4.555457869169629
-6.5469328202923425
-5.068094276829649
-5.175829850886961
-4.684578726019165
-6.490757410398526
-4.767014878018337
-5.906368396165584
-4.802831212899093
-4.805408456741615
-3.189080377116186
-4.743805107993683
-4.750835845029309
-6.401592979413676
-5.080735261070194
-4.80735698188926
-5.098958584896586
-4.9152666176743836
-4.777025451848635
-4.508923012323805
-4.81078029913939
-4.873989180971895
-3.183634942626947
-5.121286308918931
-5.038561731738071
-5.047849316395425
-4.791382693254864
-6.315421886709705
-5.038188779276204
-4.772757342909184
-6.410951817947444
-4.767014878018337
-5.214985229908949
-4.836983983702039
-4.553203907596215
-4.741657422564639
-4.217769171118881
-6.303975273360418
-4.4514790338793
-4.3933953366422
-6.546932831366217
-2.714448182419248
-4.772201274041395
-4.687149019460559
-5.068094276829649
-4.493365845655475
-4.350700760006157
-5.092048368425264
-6.41741537367929
-4.865689882221494
-4.893031004763845
-4.655392849993795
-4.708909922733229
-5.068094276829649
-4.712699849000035
-3.030748351595462
-4.90106543752114
-4.688772204069396
-5.090271149672688
-5.537037763199068
-5.208710179304553
-4.539047999044939
-4.399937720405434
-6.059254987197068
-4.211392844135899
-5.027884446788104
-4.821141471642049
-4.808896795134114
-5.077997140598573
-5.226020261415252
-4.7833051804355655
-4.8131200395180915
-6.426923226087039
-5.043523720228249
-3.622054704199312
-4.3933953366422
-4.508923012323805
-4.435282148418375
-4.807997119325144
-2.714448182419248
-3.1848562690281463
-4.853434582404848
-4.557790282565165
-4.880129772608742
-4.724692431011137
-6.275734536765949
-4.7164631790769675
-4.7046800067761225
-4.844100990825542
-3.904353399507866
-4.585582855676034
-4.435282148418375
-4.877892694895522
-5.187897045119037
-5.07839860931775
-4.4521532180423975
-6.551519195261292
-1.9806581766181748
-4.781120852035912
-6.1561161144175
-4.5668405830149545
-3.3369546293314047
-6.716302497717873
-4.793905718753377
-6.283311551667827
-3.9007851851827016
-4.804276379313464
-6.556105570659703
-6.4240426647608135
-4.803673278074312
-4.833594915762918
-4.824461093543793
-4.818034820602211
-4.741657422564639
-6.151088682328936
-4.743805107993683
-6.433948998413321
-3.1821009381908336
-5.210713873151308
-6.283311551667827
-2.619646516090775
-4.8343581315970106
-3.1821009381908336
-4.555457869169629
-4.8831130240786695
-2.4982622721257175
-4.783824269349145
-4.2750124083770515
-4.451479033879302
-5.181795745839356
-4.831760466642237
-5.172458727833618
-5.335718227344719
-4.781685121866035
-4.6133754398607785
-3.805983518854228
-4.72204419725696
-4.598442622080292
-6.546932831366217
-5.241590507722146
-3.1848562690281463
-5.187897045119037
-4.395351345221755
-6.283311551667827
0.7937658163799982
-4.8123988943980205
-5.172458727833618
-4.435282148418375
-4.821502495863248
-3.8704875383167647
-4.7782576118859605
-4.8554980899457
-4.8432382799823035
-5.292394508654667
-5.454277143325315
-3.0012678617764763
-4.741456373190463
-4.359083515424624
-2.835181179855018
-4.444800826655179
-5.208710179304553
-4.772946953217634
-6.410951817947444
-4.991349030109285
-4.426224680540049
-3.260215850636738
-3.622054704199312
-4.808896795134114
-4.805694453049044
-4.8378182209772245
-5.0900050613320875
-3.144018442373531
-4.758208036935123
-5.08611791462147
-5.053060878655312
-4.753627391551797
-5.46763355777356
-6.417200721972282
-2.835181179855018
-6.728355522056825
-4.384337868763875
-4.772946953217634
-4.991349030109285
-4.435282148418375
-4.3933953366422
-4.836983983702039
-5.056787543257798
-5.162762014843663
-4.874940566483419
-4.750150304458911
-4.7491505690567966
-5.027884446788104
-3.180800676447197
-4.7164631790769675
-6.311167764832659
-6.528918603411977
-6.433948998413321
-2.486727417083089
-5.172458727833618
-4.716717905303186
-6.716302497717873
-5.226152190436727
-4.661769176976778
-6.399153593130219
-3.260215850636738
-3.228617942027165
-3.1848562690281463
-4.585582855890763
-5.067721324367781
-4.850568712183696
-6.474137891661973
-3.5374552045456773
-4.815143368887135
-4.376694051749917
-4.508923012323805
-4.805408456741615
-6.43272522551441
-5.014234687680588
-6.551519195261292
-6.412070381439337
-6.43117735903796
-4.750766815654549
-5.154968191969848
-6.44177939488117
-4.781500277439756
-3.615137365828405
-4.835098360240931
-5.094387418824878
-5.187897045119037
-2.714448182419248
-4.751329213111777
-4.771581370556014
-4.780634923639141
-4.7447125928337694
-6.30397527336042
-6.722980705156724
-4.854960014789395
-5.280644484269645
-3.260215850636738
-4.822842745346545
-4.7626247661293135
-5.678641246706125
-6.407907510197665
-4.726016571177471
-5.243247922795138
-4.8255582250906155
-4.822068822503935
-3.1972105357127423
-4.585582855890763
-6.400384105709259
-5.537037763199068
-6.40566567359366
-4.893559331975762
-6.799063117591626
-4.5909185169621995
-4.384337868763875
-3.18355600728451
-3.7888118850075325
-4.83664341022649
-6.43043486417881
-6.105171834763002
-4.805694453049044
-6.3902969738723705
-4.892226116991591
-4.73418120457076
-5.038821842783234
-5.233705959303135
-4.808896795134114
-6.269955137219579
-5.102927827103139
-2.8351811798550175
-2.4663268293863188
-5.077997140598573
-4.3824630075410305
-3.1440184423735302
-6.610839718506394
-5.214985229908951
-4.803709311714622
-4.772946953217634
-3.187611599865459
-6.539668258930465
-6.399153593130219
-4.43715700964122
-4.786436911992638
-6.214674103358682
-5.25499794718016
-6.433473372671312
-4.842565135743788
-4.5471568439631795
-6.400384105709261
-7.767320141889032
-4.845901172858387
-4.877892694895522
-5.214985229908951
-5.094252232473179
-4.922288321894008
-5.027884446788104
-4.767014878018337
-5.067721324367781
-2.4663268293863196
-5.102927827103139
-4.802492110963973
-4.750835845029309
-6.424968613472256
-4.798218466484165
-4.571426958198634
-4.808896795134114
-4.907977479061676
-5.080359820914991
-6.287565673544876
-5.092949626930318
-3.1808006764471974
-3.183634942626947
-4.5554578583104846
-4.708435861458151
-5.2041939462476385
-3.0175399320930474
-3.180800676447197
-6.488090980430183
-3.1795004147035613
-2.5867483457375657
-4.7967456036325835
-4.359083515424624
-5.394766816157963
-2.4992249997395275
-2.8351811798550175
-5.1806021217486045
-3.7585142381415966
-4.43715700964122
-4.726016571177471
-3.990470514294842
-6.551519206335167
-4.75392186276407
-4.870875926031973
-5.155016716701445
-4.617961804185313
-3.189080377116186
-3.1918357079534987
-4.699154522992815
-6.36923696041403
-4.435282148418375
-4.555457869169629
-4.836983983702039
-5.102927827103139
-3.34958383559943
-4.0441620574958925
-4.853434582404848
-4.753627391551797
-4.824797357961327
-3.0756382996902922
-4.686782374373818
-4.826279196677174
-5.136775874339461
-6.399153593130219
-6.3803133483561325
-5.42607132849982
-4.692416983098536
-4.75021074678676
-6.395524364297968
-2.714448182419248
-2.559474983826211
-4.741657422564639
-5.014234687680588
-4.377198451181275
-4.539048009904086
-4.739181972178001
-4.8957629803304155
-4.76339385879937
-4.7966851504455885
-4.991349030109287
-4.843937726263331
-6.43043486417881
-5.013861735218722
-3.0307483515954625
-4.79690901007773
-4.854826580768879
-4.712639406672185
-4.967417701721457
-3.18355600728451
-4.9743918328054715
-7.5280832971921345
-5.155016716701445
-5.214985229908951
-4.5554578583104846
-6.311167764832657
-4.646259518307112
-6.428904099300455
-2.8351811798550175
-4.8381476575782365
-4.850232240319777
-5.004560591879274
-4.585582855890763
-4.7777220795493225
-4.7617473557782315
-5.028967503961576
-3.175425848687954
-3.5265579619883503
-4.539047999044939
-4.781120852035912
-6.4107371662404375
-5.082526511217289
-3.5265579619883503
-4.787639591326814
-6.25932468835955
-4.855910032791485
-4.874906255548938
-4.368140983302949
-4.350700760006157
-4.3933953366422
-4.804852387873826
-4.820957740474736
-4.555457869169629
-4.836840604288382
-6.440248630002815
-7.52547782033969
-5.335718227344719
-4.808896795134114
-3.228617942027165
-4.497540298478482
-4.958204642930815
-4.4514790338793
-4.850232240319777
-4.804852387873826
-4.809578836504189
-5.193998322680427
-6.729658912595577
-6.551519184616877
-6.432119413024424
-4.527665285199616
-4.6133754398607785
-4.741657422564639
-3.526557961988351
-4.613375428786902
-2.714448182419248
-5.353568425557949
-2.438975015652846
-6.311167764832659
-5.441987020684074
-6.287565673544874
-4.527665285199616
-4.8123988943980205
-6.493423840366869
-3.1124205337639577
-4.508923012323805
-2.835181179855018
-3.658188201981447
-4.5230789100159345
-4.435282148418375
-4.0441620574958925
-3.701239038134489
-4.751329213111777
-6.105171834763002
-2.835181179855018
-3.00664268953572
-4.583394411844106
-4.826739392200954
-4.750895416199958
-6.303975273360418
-6.400384105709261
-4.688067064411664
-3.34958383559943
-5.062515823333687
-4.801920118349116
-6.405160518109257
-4.5668405830149545
-4.9124373686138245
-5.216855819880907
