-1.0
0.0
5.551115123125783e-17
1.6653345369377348e-16
-0.9999999999999999
-1.1102230246251563e-16
-5.551115123125783e-17
0.0
0.9999999999999998
1.4137080464707278e-32
-1.1102230246251565e-16
-2.220446049250313e-16
1.8746997283273227e-33
-0.9999999999999998
1.1102230246251565e-16
-1.1102230246251565e-16
-5.551115123125783e-17
2.267763367533341e-35
1.1102230246251565e-16
-2.220446049250313e-16
-1.1102230246251565e-16
2.0800043399382147e-32
-0.9999999999999998
-1.0
5.551115123125783e-17
-1.1102230246251565e-16
-0.9999999999999998
0.0
-2.2204460492503128e-16
0.0
2.220446049250313e-16
0.9999999999999999
0.0
-1.1102230246251565e-16
3.0814879110195774e-33
0.9999999999999998
-5.551115123125783e-17
1.6653345369377348e-16
2.7755575615628914e-16
1.9259299443872359e-32
1.874699728327322e-33
3.3306690738754696e-16
1.1102230246251565e-16
-1.1102230246251565e-16
3.3306690738754696e-16
-2.7755575615628914e-16
-1.1102230246251565e-16
-1.1102230246251565e-16
-5.551115123125783e-17
3.3306690738754696e-16
-1.1102230246251562e-16
-0.9999999999999998
3.3306690738754696e-16
3.0814879110195774e-33
-3.3306690738754696e-16
9.763209399078104e-33
-1.1102230246251565e-16
-5.551115123125783e-17
0.0
-0.9999999999999998
1.6653345369377348e-16
1.6653345369377348e-16
-1.1102230246251565e-16
0.0
5.551115123125783e-17
0.0
2.2340787354891933e-32
-1.6653345369377348e-16
2.220446049250313e-16
-2.220446049250313e-16
-2.220446049250313e-16
0.0
-1.0
-1.1102230246251565e-16
-2.220446049250313e-16
-1.1102230246251565e-16
1.2986826320270163e-32
0.0
-2.220446049250313e-16
0.0
-2.220446049250313e-16
0.9999999999999998
-0.9999999999999998
-3.3306690738754696e-16
-1.1102230246251565e-16
-2.220446049250313e-16
0.0
0.9999999999999998
2.220446049250313e-16
-5.551115123125783e-17
3.3306690738754696e-16
-1.6653345369377348e-16
1.6653345369377348e-16
-1.6653345369377348e-16
-2.220446049250313e-16
1.1102230246251565e-16
1.1102230246251565e-16
0.0
1.1102230246251565e-16
0.0
-1.0
-1.1102230246251565e-16
2.220446049250313e-16
-1.0
1.0
0.0
1.0
-5.551115123125783e-17
-1.1102230246251565e-16
2.7755575615628914e-16
0.0
-0.9999999999999998
-1.1102230246251565e-16
-1.0
1.6653345369377348e-16
-5.551115123125783e-17
0.0
1.6653345369377348e-16
-4.622231866529365e-33
-2.7755575615628914e-16
0.0
-0.9999999999999998
1.1102230246251565e-16
9.629649721936175e-33
-1.6653345369377348e-16
-1.0
1.6653345369377348e-16
1.1102230246251565e-16
-2.7733391199176196e-32
-2.220446049250313e-16
-5.551115123125783e-17
2.220446049250313e-16
0.0
-5.551115123125783e-17
-2.2204460492503128e-16
1.6653345369377348e-16
-5.551115123125783e-17
-1.0
-1.0
0.0
1.0
2.7755575615628914e-16
-1.0
2.7755575615628914e-16
-0.9999999999999998
-2.2204460492503128e-16
0.0
4.440892098500626e-16
1.1102230246251565e-16
2.220446049250313e-16
1.1102230246251565e-16
-2.220446049250313e-16
-0.9999999999999998
1.0
1.6653345369377348e-16
-1.1102230246251565e-16
2.4651903288156613e-32
0.0
-5.551115123125783e-17
0.9999999999999998
0.9999999999999998
-3.3306690738754696e-16
1.6653345369377348e-16
-2.220446049250313e-16
1.6653345369377348e-16
1.1102230246251565e-16
-2.220446049250313e-16
-5.551115123125783e-17
1.8746997283273213e-33
-1.6653345369377348e-16
0.0
2.220446049250313e-16
-1.6653345369377348e-16
2.7755575615628914e-16
2.220446049250313e-16
2.7755575615628914e-16
-0.9999999999999996
1.0
1.0
-2.220446049250313e-16
1.0
-0.9999999999999998
-3.3306690738754696e-16
1.1102230246251565e-16
2.220446049250313e-16
-1.1102230246251565e-16
0.0
-1.0
-1.1102230246251565e-16
-0.9999999999999998
2.023865607943013e-33
2.220446049250313e-16
0.0
0.0
2.220446049250313e-16
5.551115123125783e-17
-1.1102230246251565e-16
1.1102230246251565e-16
3.3306690738754696e-16
2.7710713565500864e-32
5.551115123125783e-17
-5.551115123125783e-17
0.0
0.0
0.9999999999999996
2.220446049250313e-16
1.874699728327322e-33
0.0
-2.220446049250313e-16
-2.220446049250313e-16
0.0
-1.1102230246251565e-16
-3.3306690738754696e-16
2.7755575615628914e-16
-2.220446049250313e-16
2.7755575615628914e-16
-2.220446049250313e-16
1.1102230246251565e-16
5.551115123125783e-17
-3.3306690738754696e-16
5.551115123125783e-17
0.0
1.1102230246251565e-16
0.0
5.551115123125783e-17
5.551115123125783e-17
6.106226635438361e-16
2.220446049250313e-16
-2.7755575615628914e-16
-5.551115123125783e-17
-1.1102230246251565e-16
-1.1102230246251565e-16
2.7755575615628914e-16
5.551115123125783e-17
0.0
-0.9999999999999996
1.1102230246251565e-16
0.9999999999999998
0.0
-2.220446049250313e-16
1.0
0.0
2.220446049250313e-16
-1.1102230246251565e-16
1.1102230246251565e-16
1.1102230246251565e-16
4.996003610813204e-16
0.9999999999999998
-9.244463733058731e-33
5.700752635386218e-32
-1.6653345369377348e-16
0.0
0.9999999999999998
-1.6653345369377348e-16
-0.9999999999999998
4.996003610813204e-16
-3.3306690738754696e-16
3.885780586188048e-16
1.1102230246251565e-16
3.3306690738754696e-16
2.220446049250313e-16
1.874699728327322e-33
0.0
-0.9999999999999998
-5.551115123125783e-17
5.551115123125783e-17
-0.9999999999999996
2.220446049250313e-16
0.0
1.1102230246251565e-16
2.220446049250313e-16
-4.996003610813204e-16
2.220446049250313e-16
-1.1102230246251565e-16
-2.220446049250313e-16
-5.551115123125783e-17
-5.551115123125783e-17
1.1102230246251565e-16
0.0
-1.0
-2.220446049250313e-16
-5.551115123125783e-17
-2.220446049250313e-16
-2.220446049250313e-16
-1.6653345369377348e-16
0.0
3.3306690738754696e-16
-1.1102230246251565e-16
2.7755575615628914e-16
1.0
-0.9999999999999998
0.0
1.3684555315672042e-48
-0.9999999999999998
0.0
2.220446049250313e-16
2.7755575615628914e-16
0.9999999999999997
-0.9999999999999998
0.0
2.220446049250313e-16
-2.220446049250313e-16
0.9999999999999996
-1.6653345369377348e-16
0.0
4.440892098500626e-16
2.220446049250313e-16
2.5422275265911513e-32
0.0
2.7755575615628914e-16
0.0
0.0
1.1102230246251565e-16
5.551115123125783e-17
5.551115123125783e-17
-5.551115123125783e-16
-0.9999999999999998
-2.220446049250313e-16
2.220446049250313e-16
-1.1102230246251565e-16
1.6653345369377348e-16
-0.9999999999999998
0.9999999999999998
2.220446049250313e-16
1.0
0.0
2.220446049250313e-16
4.1600086798764294e-32
0.0
1.0014835710813628e-32
1.0
-0.9999999999999998
-2.220446049250313e-16
0.0
0.0
0.9999999999999998
-1.6653345369377348e-16
1.6653345369377348e-16
-3.3306690738754696e-16
1.1102230246251565e-16
0.0
0.0
1.6653345369377348e-16
-2.220446049250313e-16
2.220446049250313e-16
-1.6653345369377348e-16
1.1102230246251565e-16
0.0
3.3306690738754696e-16
0.0
0.9999999999999998
0.0
2.220446049250313e-16
1.1102230246251565e-16
3.885780586188048e-16
0.0
-0.9999999999999998
-5.551115123125783e-17
3.851859888774472e-32
-5.551115123125783e-17
-2.7755575615628914e-16
-1.1102230246251563e-16
-5.551115123125783e-17
0.9999999999999998
-3.885780586188048e-16
0.9999999999999996
-1.1102230246251565e-16
-1.1102230246251565e-16
-1.0
-3.3306690738754696e-16
-1.1102230246251565e-16
-3.3306690738754696e-16
0.0
5.551115123125783e-17
-1.1102230246251565e-16
0.0
-2.220446049250313e-16
2.220446049250313e-16
5.551115123125783e-17
2.220446049250313e-16
0.0
0.0
-0.9999999999999998
2.220446049250313e-16
-1.1102230246251565e-16
0.9999999999999996
1.0
-0.9999999999999998
-0.9999999999999998
1.1102230246251565e-16
2.220446049250313e-16
3.3306690738754696e-16
-1.0
1.0
2.220446049250313e-16
-1.1102230246251565e-16
1.1102230246251565e-16
0.0
-2.220446049250313e-16
0.0
-0.9999999999999998
-4.440892098500626e-16
0.9999999999999998
-1.1102230246251565e-16
1.1102230246251565e-16
-1.1102230246251565e-16
-2.220446049250313e-16
0.9999999999999997
-2.220446049250313e-16
-5.551115123125783e-17
0.9999999999999996
1.3096323621833204e-32
-1.1102230246251565e-16
0.9999999999999998
-1.6653345369377348e-16
0.9999999999999998
-5.551115123125783e-17
0.0
-2.220446049250313e-16
0.9999999999999998
5.551115123125783e-17
1.1102230246251565e-16
0.0
2.7755575615628914e-16
1.6653345369377348e-16
-1.0
0.9999999999999998
-1.0
2.220446049250313e-16
3.885780586188048e-16
-1.6653345369377348e-16
0.0
0.9999999999999998
-2.220446049250313e-16
-1.0
-2.7755575615628914e-16
-1.1102230246251565e-16
0.0
6.1629758220391534e-33
-3.3306690738754696e-16
0.9999999999999996
-5.551115123125783e-17
2.220446049250313e-16
-1.6653345369377348e-16
1.6653345369377348e-16
6.106226635438361e-16
0.9999999999999998
2.7755575615628914e-16
0.0
2.7755575615628914e-16
-5.551115123125783e-17
-2.220446049250313e-16
-2.220446049250313e-16
1.1102230246251565e-16
2.220446049250313e-16
1.874699728327322e-33
1.6653345369377348e-16
1.0
-5.551115123125783e-17
1.1102230246251565e-16
4.440892098500626e-16
-1.1102230246251565e-16
1.8746997283273213e-33
-3.3306690738754696e-16
0.0
-0.9999999999999998
3.3306690738754696e-16
5.551115123125783e-17
0.0
1.1102230246251565e-16
0.0
0.0
1.1102230246251565e-16
-2.220446049250313e-16
-2.220446049250313e-16
0.0
-2.220446049250313e-16
0.0
2.220446049250313e-16
-1.1102230246251565e-16
0.9999999999999998
1.0
1.8746997283273213e-33
3.330669073875469e-16
-3.3306690738754696e-16
0.9999999999999998
2.220446049250313e-16
-1.1102230246251565e-16
0.0
-1.1102230246251565e-16
1.1102230246251565e-16
0.9999999999999996
-0.9999999999999998
1.1102230246251565e-16
5.551115123125783e-17
-1.0
2.220446049250313e-16
2.220446049250313e-16
1.1102230246251565e-16
1.8746997283273213e-33
-1.0
