-0.9999999999999998
-1.1102230246251568e-16
-0.9999999999999996
-2.220446049250313e-16
-0.9999999999999998
0.0
-0.9999999999999998
-1.1102230246251565e-16
-1.6653345369377348e-16
0.9999999999999998
3.885780586188048e-16
-5.551115123125783e-17
-5.551115123125783e-17
-4.996003610813204e-16
-1.0
0.0
0.9999999999999996
-0.9999999999999996
-1.1102230246251565e-16
2.7755575615628914e-16
-0.7071067811865476
1.1102230246251565e-16
-1.0
-0.9999999999999997
-3.3306690738754696e-16
2.220446049250313e-16
-1.0
-2.7755575615628914e-16
-2.7755575615628914e-16
-2.220446049250313e-16
-1.1102230246251565e-16
-0.7071067811865476
-1.6653345369377348e-16
0.0
2.220446049250313e-16
5.551115123125783e-17
0.7071067811865474
0.0
0.0
5.551115123125783e-17
1.0
0.0
2.7755575615628914e-16
1.1102230246251565e-16
1.6653345369377348e-16
-1.6653345369377348e-16
-5.551115123125783e-17
1.6653345369377348e-16
2.220446049250313e-16
6.938893903907228e-17
-2.220446049250313e-16
-0.7071067811865472
-1.1102230246251565e-16
-1.0
1.1187033622376131e-32
-2.7755575615628914e-16
2.7733391199176196e-32
1.1102230246251565e-16
-0.7071067811865474
0.0
-1.1102230246251565e-16
0.9999999999999998
-1.6653345369377348e-16
1.1102230246251565e-16
0.0
0.7071067811865472
1.1102230246251565e-16
0.707106781186547
0.9999999999999996
0.0
-5.551115123125783e-17
-2.220446049250313e-16
-1.1102230246251565e-16
1.1102230246251565e-16
-3.3306690738754696e-16
0.7071067811865472
-2.0816681711721685e-16
1.1102230246251565e-16
5.551115123125783e-17
0.0
6.106226635438361e-16
0.0
-1.1102230246251565e-16
-2.220446049250313e-16
1.1102230246251565e-16
-2.0816681711721685e-16
1.1102230246251565e-16
2.7755575615628914e-16
-0.9999999999999999
-1.6653345369377348e-16
-5.551115123125783e-17
1.6653345369377348e-16
1.1102230246251565e-16
-1.1102230246251565e-16
1.1102230246251565e-16
0.9999999999999996
-2.220446049250313e-16
0.7071067811865474
2.7755575615628914e-16
-0.7071067811865475
0.0
2.7755575615628914e-16
-5.551115123125783e-17
-1.1102230246251565e-16
0.7071067811865476
0.0
-2.3592239273284576e-16
-1.1102230246251565e-16
1.6653345369377348e-16
5.551115123125783e-17
5.551115123125783e-17
-0.7071067811865472
-1.1102230246251565e-16
5.551115123125783e-17
0.0
1.1102230246251565e-16
0.7071067811865475
-0.9999999999999998
1.1102230246251565e-16
-2.220446049250313e-16
1.1102230246251565e-16
3.3306690738754696e-16
-0.5
-2.220446049250313e-16
0.0
5.551115123125783e-17
0.9999999999999997
3.0531133177191805e-16
-0.9999999999999998
1.0
1.1102230246251565e-16
1.0
-1.6653345369377348e-16
1.1102230246251565e-16
6.548161810916602e-33
0.0
-5.551115123125783e-17
1.6653345369377348e-16
1.6653345369377348e-16
-1.1102230246251565e-16
1.6653345369377348e-16
0.7071067811865468
0.4999999999999998
4.163336342344337e-16
-1.1102230246251565e-16
-0.5
5.551115123125783e-17
-2.7755575615628914e-16
-0.9999999999999996
-2.7755575615628914e-17
-2.7755575615628914e-16
-0.7071067811865476
-1.0
0.49999999999999994
1.1102230246251565e-16
-2.220446049250313e-16
-2.220446049250313e-16
-4.996003610813204e-16
-4.163336342344337e-17
-3.3306690738754696e-16
-0.7071067811865477
1.1102230246251565e-16
-0.9999999999999992
0.7071067811865469
-1.8041124150158794e-16
1.0
-0.7071067811865471
1.6653345369377348e-16
5.551115123125783e-17
-0.7071067811865475
1.1102230246251565e-16
2.220446049250313e-16
1.6653345369377348e-16
-5.551115123125783e-17
-0.7071067811865477
1.1102230246251565e-16
2.220446049250313e-16
-0.707106781186547
-0.49999999999999994
1.1102230246251565e-16
-3.3306690738754696e-16
0.4999999999999999
-3.3306690738754696e-16
-1.1102230246251565e-16
0.7071067811865475
1.6653345369377348e-16
-2.7755575615628914e-16
-5.551115123125783e-17
1.1102230246251565e-16
5.551115123125783e-17
-1.1102230246251565e-16
1.1102230246251565e-16
-7.498798913309288e-33
0.7071067811865468
-1.1102230246251565e-16
2.220446049250313e-16
2.7755575615628914e-16
-1.6653345369377348e-16
0.5
-5.551115123125783e-17
0.0
-1.1102230246251565e-16
-5.551115123125783e-17
1.6653345369377348e-16
-0.7071067811865468
-1.1102230246251565e-16
0.0
0.707106781186547
1.1102230246251565e-16
-1.6653345369377343e-16
0.0
5.551115123125783e-17
1.1102230246251565e-16
0.4999999999999998
-1.1102230246251565e-16
0.0
-1.1102230246251565e-16
3.3306690738754696e-16
3.3306690738754696e-16
-3.885780586188048e-16
1.249000902703301e-16
0.0
0.9999999999999997
5.551115123125783e-17
-1.6653345369377348e-16
0.707106781186547
0.0
3.885780586188048e-16
3.3306690738754696e-16
-1.6653345369377348e-16
-5.551115123125783e-17
1.0
0.9999999999999998
-1.1102230246251565e-16
5.551115123125783e-17
5.551115123125783e-17
-0.7071067811865472
1.1102230246251565e-16
-2.220446049250313e-16
1.6653345369377348e-16
0.0
-1.3877787807814457e-17
1.1102230246251565e-16
-1.1102230246251565e-16
0.7071067811865472
-2.220446049250313e-16
-2.7755575615628914e-16
0.0
0.0
-2.7755575615628914e-16
-1.1102230246251565e-16
2.728640153452453e-32
-0.7071067811865476
-0.7071067811865472
-0.49999999999999956
0.9999999999999996
6.1629758220391534e-33
-2.220446049250313e-16
-1.1102230246251565e-16
-1.1102230246251565e-16
-2.220446049250313e-16
-1.1102230246251565e-16
0.0
-2.7755575615628914e-16
2.0816681711721685e-16
-0.9999999999999998
-1.6653345369377348e-16
-0.7071067811865474
-0.9999999999999997
2.7755575615628914e-16
-1.942890293094024e-16
0.9999999999999998
-0.707106781186547
0.7071067811865474
1.8041124150158794e-16
0.0
-0.7071067811865476
-1.1102230246251565e-16
0.7071067811865477
-1.1102230246251565e-16
-2.7755575615628914e-16
0.7071067811865472
0.0
5.551115123125783e-17
0.0
0.9999999999999998
-2.775557561562892e-16
-1.1102230246251565e-16
0.9999999999999996
0.7071067811865475
-6.938893903907228e-17
-2.220446049250313e-16
5.551115123125783e-17
-2.0816681711721685e-16
0.9999999999999996
-0.7071067811865475
6.106226635438361e-16
1.1102230246251565e-16
-1.1102230246251565e-16
-0.7071067811865477
2.7755575615628914e-16
0.0
1.6653345369377348e-16
1.874699728327321e-33
5.551115123125783e-17
-5.551115123125783e-17
1.1102230246251565e-16
0.7071067811865474
-5.551115123125783e-17
2.220446049250313e-16
0.0
1.0
-6.106226635438361e-16
-0.9999999999999996
1.1102230246251565e-16
1.6653345369377348e-16
3.3306690738754696e-16
-1.6653345369377348e-16
1.6653345369377348e-16
-1.0
5.551115123125783e-17
0.0
-3.3306690738754696e-16
5.551115123125783e-17
3.469446951953614e-16
-2.7755575615628914e-16
-2.7755575615628914e-16
1.6653345369377348e-16
0.7071067811865472
-0.7071067811865471
-2.220446049250313e-16
-1.1102230246251565e-16
-1.0
-4.0245584642661925e-16
0.9999999999999997
1.6653345369377348e-16
0.707106781186547
-1.1102230246251565e-16
3.851859888774472e-33
-5.551115123125783e-17
-1.3877787807814457e-17
-5.551115123125783e-17
-0.9999999999999998
2.220446049250313e-16
0.0
-3.3306690738754696e-16
5.551115123125783e-17
-0.7071067811865469
0.7071067811865476
0.9999999999999996
8.326672684688674e-17
0.7071067811865469
-5.551115123125783e-17
0.49999999999999994
0.9999999999999996
1.1102230246251565e-16
1.1102230246251565e-16
-2.220446049250313e-16
0.0
0.7071067811865477
5.551115123125783e-17
-0.9999999999999998
-0.9999999999999996
-0.9999999999999996
5.551115123125783e-17
-1.0
1.942890293094024e-16
5.551115123125783e-17
0.0
1.1102230246251565e-16
-5.551115123125783e-17
-5.551115123125783e-17
1.1102230246251565e-16
1.1102230246251565e-16
0.0
-2.2204460492503128e-16
-0.7071067811865474
5.551115123125783e-17
-0.9999999999999998
2.7755575615628914e-16
-5.551115123125783e-17
-2.220446049250313e-16
2.7755575615628914e-17
5.551115123125783e-17
5.777789833161705e-33
0.7071067811865472
1.6653345369377348e-16
0.9999999999999997
2.220446049250313e-16
0.0
9.71445146547012e-17
1.6653345369377348e-16
-3.3306690738754696e-16
0.0
-1.1102230246251565e-16
0.9999999999999998
0.0
-2.7755575615628914e-16
0.7071067811865468
2.636779683484747e-16
2.636779683484747e-16
-3.0531133177191805e-16
-1.6653345369377348e-16
1.6653345369377348e-16
1.1102230246251565e-16
0.9999999999999999
-0.9999999999999997
0.7071067811865475
4.996003610813204e-16
1.3877787807814457e-16
-0.4999999999999995
0.9999999999999993
1.6653345369377348e-16
1.3877787807814457e-17
0.0
1.1102230246251565e-16
-0.7071067811865477
1.6653345369377348e-16
-0.9999999999999997
-2.220446049250313e-16
3.885780586188048e-16
-1.6653345369377348e-16
5.551115123125783e-17
-5.551115123125783e-17
5.551115123125783e-17
-0.7071067811865477
-0.9999999999999996
2.7755575615628914e-16
-1.6653345369377348e-16
-1.1102230246251564e-16
-0.9999999999999997
0.9999999999999996
-1.6653345369377348e-16
0.9999999999999998
0.7071067811865475
-0.7071067811865478
2.7755575615628914e-16
-1.1102230246251565e-16
2.775557561562892e-16
6.938893903907228e-17
0.7071067811865469
1.1102230246251565e-16
-0.9999999999999998
5.551115123125783e-17
-1.6653345369377348e-16
-1.0
2.220446049250313e-16
-0.7071067811865472
5.551115123125783e-17
-0.7071067811865471
0.7071067811865476
-5.551115123125783e-17
-1.1102230246251565e-16
0.7071067811865472
-0.4999999999999999
-0.7071067811865474
-1.1102230246251565e-16
1.3877787807814457e-16
-0.7071067811865474
1.1102230246251565e-16
0.0
-1.1102230246251565e-16
0.7071067811865468
1.6653345369377348e-16
1.694818351060767e-32
-1.942890293094024e-16
0.0
-1.6653345369377348e-16
-5.551115123125783e-17
-1.1102230246251565e-16
0.0
0.7071067811865474
-0.7071067811865478
5.551115123125783e-17
-2.7755575615628914e-16
0.7071067811865474
0.7071067811865472
5.551115123125783e-17
-2.220446049250313e-16
-2.220446049250313e-16
0.7071067811865475
-0.9999999999999996
-2.7755575615628914e-16
5.551115123125783e-17
-4.440892098500626e-16
2.220446049250313e-16
1.1102230246251565e-16
0.9999999999999996
1.6653345369377348e-16
-2.3592239273284576e-16
-2.7755575615628914e-17
-2.220446049250313e-16
1.1102230246251565e-16
-2.7755575615628914e-16
5.551115123125783e-17
1.1102230246251565e-16
0.7071067811865475
-1.6653345369377348e-16
0.0
-1.1102230246251565e-16
0.0
2.220446049250313e-16
0.7071067811865474
1.1102230246251565e-16
3.3306690738754696e-16
1.1102230246251565e-16
2.220446049250313e-16
